#Matriz_de_temperatura                 
1 10                
2 20                
3 30                
4 40                
5 50                
6 60                
7 70                
8 80                
9 90                
10 100                
#Matriz_de_temperatura_Inicial                 
0 0 0 6 6 6 6 6 6 5 0 5 5 5 5    
1 7 7 7 0 0 0 0 0 5 0 5 10 0 5    
1 0 0 0 0 0 0 0 0 5 5 5 0 0 4    
1 0 0 0 0 0 3 4 5 5 0 0 0 0 4 2 2 2 4
1 0 0 0 0 3 0 0 0 5 0 0 0 0 0 0 0 0 6
1 0 0 0 0 0 4 4 4 4 0 0 0 0 0 0 0 0 7
1 0 0 0 0 0 0 0 0 0 0 0 0 0 0 0 0 0 8
1 0 0 0 0 0 0 0 0 0 0 0 0 0 0 0 0 0 9
1 1 0 0 0 0 0 0 0 0 0 0 0 0 4 9 9 9 9
0 2 0 0 0 0 0 0 0 0 0 0 0 0 4    
0 2 2 2 2 2 2 2 2 3 3 3 3 3 3    
#Matriz_de_Limites                 
1 1 1 6 6 6 6 6 6 5 1 5 5 5 5    
1 7 7 7 0 0 0 0 0 5 1 5 10 0 5    
1 0 0 0 0 0 0 0 0 5 5 5 0 0 4    
1 0 0 0 0 0 3 4 5 5 0 0 0 0 4 2 2 2 4
1 0 0 0 0 3 1 1 1 5 0 0 0 0 0 0 0 0 6
1 0 0 0 0 0 4 4 4 4 0 0 0 0 0 0 0 0 7
1 0 0 0 0 0 0 0 0 0 0 0 0 0 0 0 0 0 8
1 0 0 0 0 0 0 0 0 0 0 0 0 0 0 0 0 0 9
1 1 0 0 0 0 0 0 0 0 0 0 0 0 4 9 9 9 9
1 2 0 0 0 0 0 0 0 0 0 0 0 0 4    
1 2 2 2 2 2 2 2 2 3 3 3 3 3 3    
