#Matriz_de_temperatura                 
1 0                
2 0                
3 -30                
4 40                
5 50                
6 60                
7 70                
8 -80                
9 90                
10 100                
#Matriz_de_temperatura_Inicial                 
1 1 1 1 1 1 1 1 1 
1 8 2 2 8 2 2 8 1 
1 2 8 2 8 2 8 2 1 
1 2 2 8 8 8 2 2 1 
1 2 2 2 8 2 2 2 1 
1 2 2 2 8 2 2 2 1 
1 2 2 2 8 2 2 2 1 
1 1 1 1 1 1 1 1 1
#Matriz_de_Limites                 
1 1 1 1 1 1 1 1 1 
1 0 0 0 0 0 0 0 1 
1 0 0 0 0 0 0 0 1 
1 0 0 0 0 0 0 0 1 
1 0 0 0 0 0 0 0 1 
1 0 0 0 0 0 0 0 1 
1 0 0 0 0 0 0 0 1 
1 1 1 1 1 1 1 1 1
