#Matriz_de_temperatura                 
1 0                
2 20                
3 30                
4 40                
5 50                
6 60                
7 70                
8 80                
9 90                
10 100                
#Matriz_de_temperatura_Inicial                 
1 1 1 1 1 1 1 1 1 1 
1 0 0 0 8 0 0 0 0 1 
1 0 0 0 8 0 0 0 0 1 
1 0 0 0 8 0 0 0 0 1 
1 0 0 0 8 0 0 0 0 1 
1 0 0 0 8 0 0 0 0 1 
1 0 0 0 8 0 0 0 0 1 
1 0 0 0 8 0 0 0 0 1 
1 0 0 0 8 0 0 0 0 1 
1 1 1 1 1 1 1 1 1 1 
#Matriz_de_Limites                 
1 1 1 1 1 1 1 1 1 1 
1 0 0 0 8 0 0 0 0 1 
1 0 0 0 8 0 0 0 0 1 
1 0 0 0 8 0 0 0 0 1 
1 0 0 0 8 0 0 0 0 1 
1 0 0 0 8 0 0 0 0 1 
1 0 0 0 8 0 0 0 0 1 
1 0 0 0 8 0 0 0 0 1 
1 0 0 0 8 0 0 0 0 1 
1 1 1 1 1 1 1 1 1 1 
